ID	ADG	DMI_absolute	RFI	Final_BW	DMI_adjusted
6764	0.197	1.213	0.07	53	0.023
6865	0.217	1.245	-0.05	58.5	0.021
6977	0.237	1.289	0.01	57	0.023
7064	0.23	1.147	0.05	50	0.023
7093	0.125	0.841	0.07	38.5	0.022
7094	0.138	0.892	0.02	43	0.021
7115	0.217	1.347	0.07	58	0.023
7144	0.201	1.125	-0.07	55.5	0.020
7236	0.171	0.964	0.06	43	0.022
6768	0.132	1.021	0.12	44.5	0.023
6908	0.132	0.763	-0.01	38	0.020
6968	0.151	1.002	0.09	44.5	0.023
6973	0.112	0.733	-0.13	44	0.017
6976	0.138	1.015	0.08	46	0.022
7070	0.309	1.044	-0.18	53.5	0.020
7097	0.164	0.862	0	41.5	0.021
7198	0.197	1.005	-0.06	49.5	0.020
7220	0.138	0.932	0.05	43.5	0.021
6856	0.178	1.136	0.06	51	0.022
7050	0.151	1.045	0.13	44.5	0.023
7105	0.224	1.156	-0.06	55	0.021
7133	0.145	0.822	0	40	0.021
7153	0.184	0.966	-0.04	47.5	0.020
7184	0.27	1.305	-0.01	57.5	0.023
7196	0.149	1.209	0.25	47	0.026
6914	0.171	1.142	0.07	51	0.022
6960	0.072	0.834	0.09	40	0.021
7025	0.184	1.321	0.2	52.5	0.025
7033	0.217	1.021	-0.08	50.5	0.020
7059	0.171	0.991	0.05	45	0.022
7066	0.125	0.823	-0.02	42	0.020
7068	0.164	0.879	-0.06	45	0.020
7117	0.182	1.021	-0.11	53.5	0.019
