ID	Treatment	CH4production	Final_BW	Ave_MO
6764	Control	42.98	53	0
6768	High	31.74	44.5	16.54
6856	Low	36.11	51	6.14
6865	Control	47.86	53	0
6914	Medium	34.53	51	12.33
6968	High	31.22	44.5	16.23
6977	Control	42.69	57	0
7025	Medium	39.83	52.5	14.27
7033	Medium	42.58	50.5	11.03
7050	Low	31.98	44.5	5.64
7059	Medium	37.27	45	10.7
7066	Medium	27.02	42	8.88
7070	High	34.45	53.5	16.91
7093	Control	40.75	38.5	0
7105	Low	39.57	55	6.24
7115	Control	38.44	58	0
7133	Low	41.88	40	4.44
7198	High	40.1	49.5	16.28
7220	High	33.06	43.5	15.09
7236	Control	32.55	43	0
